 day | count | sum 
-----+-------+-----
   1 |    11 | 590
   2 |     9 | 585
   3 |     9 | 425
   4 |     9 | 380
   5 |     7 | 405
   6 |     6 | 315
   7 |     7 | 330
   8 |     9 | 570
   9 |    12 | 545
  10 |     9 | 465
  11 |     7 | 390
  12 |     9 | 390
  13 |     5 | 315
  14 |     5 | 315
  15 |     9 | 660
  16 |     9 | 570
  17 |     9 | 435
  18 |     6 | 375
  19 |     8 | 410
  20 |     8 | 335
  21 |     4 | 315
  22 |    10 | 555
  23 |    10 | 555
  24 |    10 | 450
  25 |     8 | 370
  26 |     7 | 390
  27 |     5 | 315
  28 |     6 | 375
  29 |    10 | 545
  30 |    11 | 630
  31 |     9 | 480
  32 |     8 | 375
  33 |     8 | 365
  34 |     7 | 330
  35 |     6 | 320
  36 |    10 | 570
  37 |    10 | 605
  38 |     8 | 455
  39 |    10 | 380
  40 |     6 | 380
  41 |     6 | 305
  42 |     8 | 330
  43 |    10 | 615
  44 |    11 | 560
  45 |    10 | 430
  46 |    11 | 400
  47 |     8 | 380
  48 |     5 | 315
  49 |     8 | 330
  50 |     9 | 585
  51 |    12 | 570
(51 rows)

